1780650362364 0.16291005909442902 0
1780650362364 0.4682539701461792 1
1780650362364 0.6543915271759033 2
1780650362364 0.7425397038459778 3
1780650362364 0.7928042411804199 4
1780650362380 0.8231745958328247 5
1780650362381 0.8475131988525391 6
1780650362381 0.8530687689781189 7
1780650362383 0.8673015832901001 8
1780650362384 0.8778836131095886 9
1780650362385 0.8843386173248291 10
1780650362386 0.8930158615112305 11
1780650362386 0.8958730101585388 12
1780650362386 0.9019047617912292 13
1780650362386 0.9066137671470642 14
1780650362391 0.9069841504096985 15
1780650362391 0.9221693277359009 16
1780650362391 0.9229629635810852 17
1780650362391 0.9223809242248535 18
1780650362391 0.9267724752426147 19
