1780650362364 3.380577564239502 0
1780650362364 1.8562228679656982 1
1780650362364 1.1810585260391235 2
1780650362364 0.8671422600746155 3
1780650362364 0.699652910232544 4
1780650362380 0.5866654515266418 5
1780650362381 0.5147776007652283 6
1780650362381 0.4781990349292755 7
1780650362383 0.4357452988624573 8
1780650362384 0.40790799260139465 9
1780650362385 0.37958255410194397 10
1780650362386 0.35331305861473083 11
1780650362386 0.3331826627254486 12
1780650362386 0.31784823536872864 13
1780650362386 0.304216206073761 14
1780650362391 0.3018927276134491 15
1780650362391 0.2619926929473877 16
1780650362391 0.25416454672813416 17
1780650362391 0.2474295198917389 18
1780650362391 0.23813962936401367 19
