1780650193170 0.2560846507549286 0
1780650193172 0.6094179749488831 1
1780650193173 0.7459259033203125 2
1780650193173 0.8026984333992004 3
1780650193173 0.833809494972229 4
1780650193173 0.8513756394386292 5
1780650193178 0.8717460036277771 6
1780650193178 0.8780952095985413 7
1780650193178 0.8873015642166138 8
1780650193178 0.891269862651825 9
1780650193178 0.9020105600357056 10
1780650193178 0.9125396609306335 11
1780650193178 0.9184656143188477 12
1780650193178 0.9201587438583374 13
1780650193178 0.9234391450881958 14
1780650193188 0.922010600566864 15
1780650193189 0.9234391450881958 16
1780650193191 0.92978835105896 17
1780650193192 0.9334920644760132 18
1780650193193 0.9335449934005737 19
