1780650193170 2.9365627765655518 0
1780650193172 1.33906090259552 1
1780650193173 0.8614144325256348 2
1780650193173 0.6626174449920654 3
1780650193173 0.5578815937042236 4
1780650193173 0.4920116662979126 5
1780650193178 0.43629464507102966 6
1780650193178 0.40033310651779175 7
1780650193178 0.3792226016521454 8
1780650193178 0.3542217016220093 9
1780650193178 0.33145251870155334 10
1780650193178 0.2887853980064392 11
1780650193178 0.27101850509643555 12
1780650193178 0.25980836153030396 13
1780650193178 0.2559693455696106 14
1780650193188 0.25254493951797485 15
1780650193189 0.24815385043621063 16
1780650193191 0.22420985996723175 17
1780650193192 0.21724115312099457 18
1780650193193 0.21300436556339264 19
